38.00,20,30,40,50,50 
41.00,20,30,40,50,50 
44.00,20,30,40,50,50 
47.00,20,30,40,50,50 
50.00,20,30,40,50,50 
53.00,20,30,40,50,50 
56.00,20,30,40,50,50 
59.00,20,30,40,50,50 
62.00,20,30,40,50,50 
65.00,20,30,40,50,50 
68.00,20,30,40,50,50 
71.00,20,30,40,50,50 
74.00,20,30,40,50,50 
77.00,20,30,40,50,50 
80.00,20,30,40,50,50 
83.00,20,30,40,50,50 
86.00,20,30,40,50,50 
89.00,20,30,40,50,50 
92.00,20,30,40,50,50 
95.00,20,30,40,50,50 
98.00,20,30,40,50,50 
101.00,20,30,40,50,50 
104.00,20,30,40,50,50 
107.00,20,30,40,50,50 
110.00,20,30,40,50,50 
113.00,20,30,40,50,50 
116.00,20,30,40,50,50 
119.00,20,30,40,50,50 
122.00,20,30,40,50,50 
125.00,20,30,40,50,50 
128.00,20,30,40,50,50 
131.00,20,30,40,50,50 
134.00,20,30,40,50,50 
137.00,20,30,40,50,50 
140.00,20,30,40,50,50 
143.00,20,30,40,50,50 
146.00,20,30,40,50,50 
149.00,20,30,40,50,50 
152.00,20,30,40,50,50 
155.00,20,30,40,50,50 
158.00,20,30,40,50,50 
161.00,20,30,40,50,50 
164.00,20,30,40,50,50 
167.00,20,30,40,50,50 
170.00,20,30,40,50,50 
173.00,20,30,40,50,50 
176.00,20,30,40,50,50 
179.00,20,30,40,50,50 
182.00,20,30,40,50,50 
185.00,20,30,40,50,50 
188.00,20,30,40,50,50 
191.00,20,30,40,50,50 
194.00,20,30,40,50,50 
197.00,20,30,40,50,50 
200.00,20,30,40,50,50 
203.00,20,30,40,50,50 
206.00,20,30,40,50,50 
209.00,20,30,40,50,50 
212.00,20,30,40,50,50 
215.00,20,30,40,50,50 
218.00,20,30,40,50,50 
221.00,20,30,40,50,50 
224.00,20,30,40,50,50 
227.00,20,30,40,50,50 
230.00,20,30,40,50,50 
233.00,20,30,40,50,50 
236.00,20,30,40,50,50 
239.00,20,30,40,50,50 
242.00,20,30,40,50,50 
245.00,20,30,40,50,50 
248.00,20,30,40,50,50 
251.00,20,30,40,50,50 
254.00,20,30,40,50,50 
257.00,20,30,40,50,50 
260.00,20,30,40,50,50 
263.00,20,30,40,50,50 
266.00,20,30,40,50,50 
269.00,20,30,40,50,50 
272.00,20,30,40,50,50 
275.00,20,30,40,50,50 
278.00,20,30,40,50,50 
281.00,20,30,40,50,50 
284.00,20,30,40,50,50 
287.00,20,30,40,50,50 
290.00,20,30,40,50,50 
293.00,20,30,40,50,50 
296.00,20,30,40,50,50 
299.00,20,30,40,50,50 
302.00,20,30,40,50,50 
305.00,20,30,40,50,50 
308.00,20,30,40,50,50 
311.00,20,30,40,50,50 
314.00,20,30,40,50,50 
317.00,20,30,40,50,50 
320.00,20,30,40,50,50 
323.00,20,30,40,50,50 
326.00,20,30,40,50,50 
329.00,20,30,40,50,50 
332.00,20,30,40,50,50 
335.00,20,30,40,50,50 
338.00,20,30,40,50,50 
341.00,20,30,40,50,50 
344.00,20,30,40,50,50 
347.00,20,30,40,50,50 
350.00,20,30,40,50,50 
353.00,20,30,40,50,50 
356.00,20,30,40,50,50 
359.00,20,30,40,50,50 
362.00,20,30,40,50,50 
365.00,20,30,40,50,50 
368.00,20,30,40,50,50 
371.00,20,30,40,50,50 
374.00,20,30,40,50,50 
377.00,20,30,40,50,50 
380.00,20,30,40,50,50 
383.00,20,30,40,50,50 
386.00,20,30,40,50,50 
389.00,20,30,40,50,50 
392.00,20,30,40,50,50 
395.00,20,30,40,50,50 
398.00,20,30,40,50,50 
401.00,20,30,40,50,50 
404.00,20,30,40,50,50 
407.00,20,30,40,50,50 
410.00,20,30,40,50,50 
413.00,20,30,40,50,50 
416.00,20,30,40,50,50 
419.00,20,30,40,50,50 
422.00,20,30,40,50,50 
425.00,20,30,40,50,50 
428.00,20,30,40,50,50 
431.00,20,30,40,50,50 
434.00,20,30,40,50,50 
437.00,20,30,40,50,50 
440.00,20,30,40,50,50 
443.00,20,30,40,50,50 
446.00,20,30,40,50,50 
449.00,20,30,40,50,50 
452.00,20,30,40,50,50 
455.00,20,30,40,50,50 
458.00,20,30,40,50,50 
461.00,20,30,40,50,50 
464.00,20,30,40,50,50 
467.00,20,30,40,50,50 
470.00,20,30,40,50,50 
473.00,20,30,40,50,50 
476.00,20,30,40,50,50 
479.00,20,30,40,50,50 
482.00,20,30,40,50,50 
485.00,20,30,40,50,50 
488.00,20,30,40,50,50 
491.00,20,30,40,50,50 
494.00,20,30,40,50,50 
497.00,20,30,40,50,50 
500.00,20,30,40,50,50 
503.00,20,30,40,50,50 
37.00,20,30,40,50,50 
40.00,20,30,40,50,50 
43.00,20,30,40,50,50 
46.00,20,30,40,50,50 
37.00,20,30,40,50,50 
40.00,20,30,40,50,50 
36.00,20,30,40,50,50 
39.00,20,30,40,50,50 
42.00,20,30,40,50,50 
38.00,20,30,40,50,50 
41.00,20,30,40,50,50 
44.00,20,30,40,50,50 
38.00,20,30,40,50,50 
41.00,20,30,40,50,50 
44.00,20,30,40,50,50 
47.00,20,30,40,50,50 
50.00,20,30,40,50,50 
53.00,20,30,40,50,50 
56.00,20,30,40,50,50 
59.00,20,30,40,50,50 
62.00,20,30,40,50,50 
65.00,20,30,40,50,50 
68.00,20,30,40,50,50 
71.00,20,30,40,50,50 
74.00,20,30,40,50,50 
77.00,20,30,40,50,50 
80.00,20,30,40,50,50 
83.00,20,30,40,50,50 
86.00,20,30,40,50,50 
89.00,20,30,40,50,50 
92.00,20,30,40,50,50 
95.00,20,30,40,50,50 
98.00,20,30,40,50,50 
101.00,20,30,40,50,50 
104.00,20,30,40,50,50 
107.00,20,30,40,50,50 
110.00,20,30,40,50,50 
113.00,20,30,40,50,50 
116.00,20,30,40,50,50 
119.00,20,30,40,50,50 
122.00,20,30,40,50,50 
125.00,20,30,40,50,50 
128.00,20,30,40,50,50 
131.00,20,30,40,50,50 
134.00,20,30,40,50,50 
137.00,20,30,40,50,50 
140.00,20,30,40,50,50 
143.00,20,30,40,50,50 
146.00,20,30,40,50,50 
149.00,20,30,40,50,50 
152.00,20,30,40,50,50 
155.00,20,30,40,50,50 
158.00,20,30,40,50,50 
161.00,20,30,40,50,50 
164.00,20,30,40,50,50 
167.00,20,30,40,50,50 
170.00,20,30,40,50,50 
173.00,20,30,40,50,50 
176.00,20,30,40,50,50 
179.00,20,30,40,50,50 
182.00,20,30,40,50,50 
185.00,20,30,40,50,50 
188.00,20,30,40,50,50 
191.00,20,30,40,50,50 
194.00,20,30,40,50,50 
197.00,20,30,40,50,50 
200.00,20,30,40,50,50 
203.00,20,30,40,50,50 
206.00,20,30,40,50,50 
209.00,20,30,40,50,50 
212.00,20,30,40,50,50 
215.00,20,30,40,50,50 
218.00,20,30,40,50,50 
221.00,20,30,40,50,50 
37.00,20,30,40,50,50 
40.00,20,30,40,50,50 
43.00,20,30,40,50,50 
46.00,20,30,40,50,50 
49.00,20,30,40,50,50 
52.00,20,30,40,50,50 
55.00,20,30,40,50,50 
37.00,20,30,40,50,50 
40.00,20,30,40,50,50 
43.00,20,30,40,50,50 
37.00,1.00,1.00,1.00,51,71 
40.00,4.00,4.00,4.00,54,74 
37.00,21.00,31.00,41.00,51,71 
40.00,24.00,34.00,44.00,54,74 
43.00,27.00,37.00,47.00,57,77 
46.00,30.00,40.00,50.00,60,80 
38.00,22.00,32.00,42.00,52,72 
2012-12-07, 14:44:56, 1354909496.0, 81.25,75.76,75.87,75.87,50,0 
2012-12-07, 14:45:10, 1354909510.0, 81.25,75.76,75.87,75.99,50,0 
2012-12-07, 14:45:13, 1354909513.0, 81.25,75.87,75.99,75.99,50,0 
2012-12-07, 14:45:17, 1354909517.0, 36.00,75.76,75.99,75.99,50,0 
2012-12-07, 14:45:21, 1354909521.0, 36.00,75.76,75.87,75.99,0,50 
2012-12-07, 14:45:26, 1354909526.0, 36.00,75.76,75.87,75.99,0,50 
2012-12-07, 14:45:32, 1354909532.0, 36.00,75.76,75.99,75.99,0,50 
2012-12-07, 14:45:36, 1354909536.0, 36.00,75.76,75.87,75.99,0,50 
2012-12-07, 14:45:40, 1354909540.0, 36.00,75.76,75.87,75.99,0,50 
2012-12-07, 14:45:43, 1354909543.0, 36.00,75.87,75.87,75.99,0,50 
2012-12-07, 14:45:47, 1354909547.0, 36.00,75.76,75.99,75.99,0,50 
2012-12-07, 14:45:51, 1354909551.0, 36.00,75.87,75.87,75.99,0,50 
2012-12-07, 14:45:56, 1354909556.0, 36.00,75.76,75.87,75.99,0,50 
2012-12-07, 14:46:02, 1354909562.0, 36.00,75.87,75.99,75.99,0,50 
2012-12-07, 14:46:07, 1354909567.0, 36.00,75.87,75.99,75.99,0,50 
2012-12-07, 14:46:12, 1354909572.0, 36.00,75.87,75.99,75.99,0,50 
2012-12-07, 14:46:17, 1354909577.0, 36.00,75.87,75.99,75.99,0,50 
2012-12-07, 14:46:22, 1354909582.0, 36.00,75.87,75.99,75.99,0,50 
2012-12-07, 14:46:27, 1354909587.0, 36.00,75.87,75.99,76.10,0,50 
2012-12-07, 14:46:32, 1354909592.0, 36.00,75.87,75.99,76.10,0,50 
2012-12-07, 14:46:37, 1354909597.0, 36.00,75.99,75.99,76.10,0,50 
2012-12-07, 14:46:42, 1354909602.0, 36.00,75.99,75.99,76.10,0,50 
2012-12-07, 14:46:46, 1354909606.0, 36.00,75.99,75.99,76.10,0,50 
2012-12-07, 14:46:51, 1354909611.0, 36.00,75.99,76.10,76.10,0,50 
2012-12-07, 14:46:56, 1354909616.0, 36.00,75.99,76.10,76.10,0,50 
2012-12-07, 14:47:01, 1354909621.0, 36.00,75.99,76.10,76.10,0,50 
2012-12-07, 14:47:06, 1354909626.0, 36.00,75.99,76.10,76.10,0,50 
2012-12-07, 14:47:11, 1354909631.0, 36.00,75.99,76.10,76.10,0,50 
2012-12-07, 14:47:16, 1354909636.0, 36.00,75.99,76.10,76.10,0,50 
2012-12-07, 14:47:21, 1354909641.0, 36.00,75.99,76.10,76.10,0,50 
2012-12-07, 14:47:26, 1354909646.0, 36.00,76.10,76.10,76.10,0,50 
2012-12-07, 14:47:31, 1354909651.0, 36.00,76.10,76.21,76.21,0,50 
2012-12-07, 14:47:36, 1354909656.0, 36.00,76.10,76.10,76.21,0,50 
2012-12-07, 14:47:41, 1354909661.0, 36.00,75.99,76.10,76.21,0,50 
2012-12-07, 14:47:46, 1354909666.0, 36.00,76.10,76.10,76.21,0,50 
2012-12-07, 14:47:51, 1354909671.0, 36.00,76.10,76.10,76.21,0,50 
2012-12-07, 14:47:56, 1354909676.0, 36.00,76.10,76.10,76.10,0,50 
2012-12-07, 14:48:01, 1354909681.0, 36.00,75.99,76.10,76.21,0,50 
2012-12-07, 14:48:06, 1354909686.0, 36.00,75.99,76.10,76.21,0,50 
2012-12-07, 14:48:12, 1354909692.0, 36.00,75.99,76.10,76.10,0,50 
2012-12-07, 14:48:17, 1354909697.0, 36.00,75.99,76.10,76.10,0,50 
2012-12-07, 14:48:22, 1354909702.0, 36.00,75.99,76.10,76.10,0,50 
2012-12-07, 14:48:27, 1354909707.0, 36.00,75.99,75.99,76.21,0,50 
2012-12-07, 14:48:32, 1354909712.0, 36.00,75.99,76.10,76.10,0,50 
2012-12-07, 14:48:37, 1354909717.0, 36.00,75.87,75.99,76.10,0,50 
2012-12-07, 14:48:41, 1354909721.0, 36.00,75.87,76.10,76.10,0,50 
2012-12-07, 14:48:46, 1354909726.0, 36.00,75.99,75.99,76.10,0,50 
2012-12-07, 14:48:51, 1354909731.0, 36.00,75.87,75.99,76.10,0,50 
2012-12-07, 14:48:56, 1354909736.0, 36.00,75.87,75.99,76.10,0,50 
2012-12-07, 14:49:01, 1354909741.0, 36.00,75.87,75.99,75.99,0,50 
2012-12-07, 14:49:06, 1354909746.0, 36.00,75.87,75.99,76.10,0,50 
2012-12-07, 14:49:11, 1354909751.0, 36.00,75.87,75.99,76.10,0,50 
2012-12-07, 14:49:16, 1354909756.0, 36.00,75.87,75.99,75.99,0,50 
2012-12-07, 14:49:21, 1354909761.0, 36.00,75.87,75.99,76.10,0,50 
2012-12-07, 14:49:26, 1354909766.0, 36.00,75.87,75.99,75.99,0,50 
2012-12-07, 14:49:32, 1354909772.0, 36.00,75.76,75.99,75.99,0,50 
2012-12-07, 14:49:36, 1354909776.0, 36.00,75.87,75.99,75.99,0,50 
2012-12-07, 14:49:41, 1354909781.0, 36.00,75.87,75.99,75.99,0,50 
2012-12-07, 14:49:47, 1354909787.0, 36.00,75.87,75.99,75.99,0,50 
2012-12-07, 14:49:52, 1354909792.0, 36.00,75.87,75.87,75.99,0,50 
2012-12-07, 14:49:57, 1354909797.0, 36.00,75.87,75.99,75.99,0,50 
2012-12-07, 14:50:02, 1354909802.0, 36.00,75.87,75.99,75.99,0,50 
2012-12-07, 14:50:06, 1354909806.0, 36.00,75.87,75.99,75.99,0,50 
2012-12-07, 14:50:11, 1354909811.0, 36.00,75.87,75.99,75.99,0,50 
2012-12-07, 14:50:16, 1354909816.0, 36.00,75.76,75.99,75.99,0,50 
2012-12-07, 14:50:21, 1354909821.0, 36.00,75.87,75.99,75.99,0,50 
2012-12-07, 14:50:26, 1354909826.0, 36.00,75.87,75.87,75.99,0,50 
2012-12-07, 14:50:31, 1354909831.0, 36.00,75.87,75.99,75.99,0,50 
2012-12-07, 14:50:36, 1354909836.0, 36.00,75.87,75.99,75.99,0,50 
2012-12-07, 14:50:41, 1354909841.0, 36.00,75.87,75.87,75.99,0,50 
2012-12-07, 14:50:46, 1354909846.0, 36.00,75.87,75.87,75.99,0,50 
2012-12-07, 14:50:51, 1354909851.0, 36.00,75.87,75.87,75.99,0,50 
2012-12-07, 14:50:56, 1354909856.0, 36.00,75.87,75.87,75.87,0,50 
2012-12-07, 14:51:01, 1354909861.0, 36.00,75.76,75.87,75.99,0,50 
2012-12-07, 14:51:06, 1354909866.0, 36.00,75.76,75.87,75.87,0,50 
2012-12-07, 14:51:11, 1354909871.0, 36.00,75.76,75.87,75.99,0,50 
2012-12-07, 14:51:16, 1354909876.0, 36.00,75.76,75.87,75.99,0,50 
2012-12-07, 14:51:21, 1354909881.0, 36.00,75.76,75.99,75.99,0,50 
2012-12-07, 14:51:26, 1354909886.0, 36.00,75.87,75.87,75.99,0,50 
2012-12-07, 14:51:31, 1354909891.0, 36.00,75.76,75.87,75.99,0,50 
2012-12-07, 14:51:37, 1354909897.0, 36.00,75.76,75.87,75.99,0,50 
2012-12-07, 14:51:41, 1354909901.0, 36.00,75.76,75.87,75.99,0,50 
2012-12-07, 14:51:46, 1354909906.0, 36.00,75.76,75.87,75.99,0,50 
2012-12-07, 14:51:51, 1354909911.0, 36.00,75.76,75.87,75.99,0,50 
2012-12-07, 14:51:56, 1354909916.0, 36.00,75.87,75.87,75.99,0,50 
2012-12-07, 14:52:01, 1354909921.0, 36.00,75.76,75.87,75.99,0,50 
2012-12-07, 14:52:06, 1354909926.0, 36.00,75.87,75.87,75.99,0,50 
2012-12-07, 14:52:11, 1354909931.0, 36.00,75.76,75.87,75.99,0,50 
2012-12-07, 14:52:16, 1354909936.0, 36.00,75.76,75.87,75.99,0,50 
2012-12-07, 14:52:21, 1354909941.0, 36.00,75.76,75.87,75.99,0,50 
2012-12-07, 14:52:28, 1354909948.0, 36.00,75.76,75.87,75.99,0,50 
2012-12-07, 14:52:32, 1354909952.0, 36.00,75.76,75.87,75.87,0,50 
2012-12-07, 14:52:36, 1354909956.0, 36.00,75.76,75.87,75.99,0,50 
2012-12-07, 14:52:40, 1354909960.0, 36.00,75.76,75.87,75.99,0,50 
2012-12-07, 14:52:45, 1354909965.0, 36.00,75.76,75.87,75.99,0,50 
2012-12-07, 14:52:51, 1354909971.0, 36.00,75.76,75.87,75.99,0,50 
2012-12-07, 14:52:56, 1354909976.0, 36.00,75.87,75.87,75.99,0,50 
2012-12-07, 14:53:00, 1354909980.0, 36.00,75.76,75.87,75.99,0,50 
2012-12-07, 14:53:07, 1354909987.0, 36.00,75.76,75.87,75.99,0,50 
2012-12-07, 14:53:12, 1354909992.0, 36.00,75.76,75.87,75.99,0,50 
2012-12-07, 14:53:15, 1354909995.0, 36.00,75.76,75.87,75.99,0,50 
2012-12-07, 14:53:20, 1354910000.0, 36.00,75.76,75.87,75.99,0,50 
2012-12-07, 14:53:26, 1354910006.0, 36.00,75.76,75.87,75.87,0,50 
2012-12-07, 14:53:31, 1354910011.0, 36.00,75.76,75.87,75.87,0,50 
2012-12-07, 14:53:36, 1354910016.0, 36.00,75.76,75.87,75.87,0,50 
2012-12-07, 14:53:41, 1354910021.0, 36.00,75.76,75.87,75.87,0,50 
2012-12-07, 14:53:46, 1354910026.0, 36.00,75.76,75.87,75.99,0,50 
2012-12-07, 14:53:51, 1354910031.0, 36.00,75.76,75.87,75.87,0,50 
2012-12-07, 14:53:56, 1354910036.0, 36.00,75.76,75.87,75.87,0,50 
2012-12-07, 14:54:01, 1354910041.0, 36.00,75.76,75.87,75.99,0,50 
2012-12-07, 14:54:06, 1354910046.0, 36.00,75.76,75.87,75.99,0,50 
2012-12-07, 14:54:10, 1354910050.0, 36.00,75.76,75.87,75.99,0,50 
2012-12-07, 14:54:15, 1354910055.0, 36.00,75.76,75.87,75.99,0,50 
2012-12-07, 14:54:20, 1354910060.0, 36.00,75.76,75.87,75.99,0,50 
2012-12-07, 14:54:25, 1354910065.0, 36.00,75.76,75.87,75.99,0,50 
2012-12-07, 14:54:30, 1354910070.0, 36.00,75.76,75.87,75.99,0,50 
2012-12-07, 14:54:35, 1354910075.0, 36.00,75.87,75.87,75.99,0,50 
2012-12-07, 14:54:40, 1354910080.0, 36.00,75.76,75.99,75.99,0,50 
2012-12-07, 14:54:45, 1354910085.0, 36.00,75.87,75.99,75.99,0,50 
2012-12-07, 14:54:50, 1354910090.0, 36.00,75.87,75.87,75.99,0,50 
2012-12-07, 14:54:55, 1354910095.0, 36.00,75.87,75.87,75.99,0,50 
2012-12-07, 14:55:00, 1354910100.0, 36.00,75.87,75.99,75.87,0,50 
2012-12-07, 14:55:06, 1354910106.0, 36.00,75.87,75.87,75.87,0,50 
2012-12-07, 14:55:10, 1354910110.0, 36.00,75.76,75.87,75.99,0,50 
2012-12-07, 14:55:15, 1354910115.0, 36.00,75.87,75.87,75.99,0,50 
2012-12-07, 14:55:21, 1354910121.0, 36.00,75.76,75.99,75.99,0,50 
2012-12-07, 14:55:26, 1354910126.0, 36.00,75.76,75.87,75.99,0,50 
2012-12-07, 14:55:34, 1354910134.0, 36.00,75.76,75.87,75.99,0,50 
2012-12-07, 14:55:39, 1354910139.0, 36.00,75.87,75.87,75.99,0,50 
2012-12-07, 14:55:43, 1354910143.0, 36.00,75.87,75.99,75.99,0,50 
2012-12-07, 14:55:46, 1354910146.0, 36.00,75.76,75.87,75.87,0,50 
2012-12-07, 14:55:50, 1354910150.0, 36.00,75.87,75.87,75.99,0,50 
2012-12-07, 14:55:55, 1354910155.0, 36.00,75.76,75.87,75.99,0,50 
2012-12-07, 14:56:01, 1354910161.0, 36.00,75.76,75.87,75.99,0,50 
2012-12-07, 14:56:06, 1354910166.0, 36.00,75.76,75.87,75.99,0,50 
2012-12-07, 14:56:12, 1354910172.0, 36.00,75.87,75.87,75.99,0,50 
2012-12-07, 14:56:18, 1354910178.0, 36.00,75.76,75.87,75.99,0,50 
2012-12-07, 14:56:21, 1354910181.0, 36.00,75.76,75.87,75.87,0,50 
2012-12-07, 14:56:26, 1354910186.0, 36.00,75.87,75.87,75.99,0,50 
2012-12-07, 14:56:33, 1354910193.0, 36.00,75.76,75.87,75.99,0,50 
2012-12-07, 14:56:36, 1354910196.0, 36.00,75.76,75.87,75.99,0,50 
2012-12-07, 14:56:40, 1354910200.0, 36.00,75.76,75.87,75.99,0,50 
2012-12-07, 14:56:46, 1354910206.0, 36.00,75.76,75.87,75.99,0,50 
2012-12-07, 14:56:50, 1354910210.0, 36.00,75.76,75.87,75.99,0,50 
2012-12-07, 14:56:55, 1354910215.0, 36.00,75.76,75.87,75.87,0,50 
2012-12-07, 14:57:00, 1354910220.0, 36.00,75.76,75.87,75.99,0,50 
2012-12-07, 14:57:05, 1354910225.0, 36.00,75.76,75.87,75.87,0,50 
2012-12-07, 14:57:10, 1354910230.0, 36.00,75.76,75.87,75.99,0,50 
2012-12-07, 14:57:16, 1354910236.0, 36.00,75.76,75.87,75.99,0,50 
2012-12-07, 14:57:21, 1354910241.0, 36.00,75.76,75.87,75.99,0,50 
2012-12-07, 14:57:26, 1354910246.0, 36.00,75.87,75.87,75.99,0,50 
2012-12-07, 14:57:31, 1354910251.0, 36.00,75.76,75.87,75.99,0,50 
2012-12-07, 14:57:37, 1354910257.0, 36.00,75.76,75.87,75.99,0,50 
2012-12-07, 14:57:41, 1354910261.0, 36.00,75.76,75.87,75.99,0,50 
2012-12-07, 14:57:46, 1354910266.0, 36.00,75.76,75.87,75.99,0,50 
2012-12-07, 14:57:53, 1354910273.0, 36.00,75.87,75.87,75.99,0,50 
2012-12-07, 14:57:57, 1354910277.0, 36.00,75.76,75.87,75.99,0,50 
2012-12-07, 14:58:01, 1354910281.0, 36.00,75.76,75.87,75.99,0,50 
2012-12-07, 14:58:06, 1354910286.0, 36.00,75.76,75.87,75.99,0,50 
2012-12-07, 14:58:11, 1354910291.0, 36.00,75.76,75.87,75.99,0,50 
2012-12-07, 14:58:16, 1354910296.0, 36.00,75.76,75.87,75.99,0,50 
2012-12-07, 14:58:21, 1354910301.0, 36.00,75.76,75.87,75.99,0,50 
2012-12-07, 14:58:26, 1354910306.0, 36.00,75.76,75.87,75.99,0,50 
2012-12-07, 14:58:31, 1354910311.0, 36.00,75.76,75.87,75.87,0,50 
2012-12-07, 14:58:36, 1354910316.0, 36.00,75.76,75.87,75.99,0,50 
2012-12-07, 14:58:41, 1354910321.0, 36.00,75.76,75.87,75.99,0,50 
2012-12-07, 14:58:46, 1354910326.0, 36.00,75.76,75.87,75.99,0,50 
2012-12-07, 14:58:51, 1354910331.0, 36.00,75.76,75.87,75.99,0,50 
2012-12-07, 14:58:56, 1354910336.0, 36.00,75.76,75.87,75.99,0,50 
2012-12-07, 14:59:01, 1354910341.0, 36.00,75.76,75.87,75.99,0,50 
2012-12-07, 14:59:05, 1354910345.0, 36.00,75.76,75.87,75.99,0,50 
2012-12-07, 14:59:10, 1354910350.0, 36.00,75.76,75.87,75.87,0,50 
2012-12-07, 14:59:16, 1354910356.0, 36.00,75.76,75.87,75.99,0,50 
2012-12-07, 14:59:21, 1354910361.0, 36.00,75.76,75.87,75.99,0,50 
2012-12-07, 14:59:26, 1354910366.0, 36.00,75.76,75.87,75.87,0,50 
2012-12-07, 14:59:31, 1354910371.0, 36.00,75.76,75.87,75.99,0,50 
2012-12-07, 14:59:36, 1354910376.0, 36.00,75.76,75.87,75.87,0,50 
2012-12-07, 14:59:40, 1354910380.0, 36.00,75.76,75.87,75.99,0,50 
2012-12-07, 14:59:45, 1354910385.0, 36.00,75.76,75.87,75.87,0,50 
2012-12-07, 14:59:50, 1354910390.0, 36.00,75.76,75.87,75.99,0,50 
2012-12-07, 14:59:55, 1354910395.0, 36.00,75.76,75.87,75.99,0,50 
2012-12-07, 15:00:03, 1354910403.0, 36.00,75.76,75.87,75.87,0,50 
2012-12-07, 15:00:10, 1354910410.0, 36.00,75.76,75.87,75.87,0,50 
2012-12-07, 15:00:14, 1354910414.0, 36.00,75.76,75.87,75.99,0,50 
2012-12-07, 15:00:18, 1354910418.0, 36.00,75.76,75.87,75.99,0,50 
2012-12-07, 15:00:23, 1354910423.0, 36.00,75.76,75.87,75.99,0,50 
2012-12-07, 15:00:26, 1354910426.0, 36.00,75.76,75.87,75.87,0,50 
2012-12-07, 15:00:32, 1354910432.0, 36.00,75.76,75.87,75.87,0,50 
2012-12-07, 15:00:35, 1354910435.0, 36.00,75.76,75.87,75.87,0,50 
2012-12-07, 15:00:41, 1354910441.0, 36.00,75.76,75.87,75.99,0,50 
2012-12-07, 15:00:45, 1354910445.0, 36.00,75.76,75.87,75.99,0,50 
2012-12-07, 15:00:51, 1354910451.0, 36.00,75.76,75.87,75.99,0,50 
2012-12-07, 15:00:56, 1354910456.0, 36.00,75.76,75.87,75.99,0,50 
2012-12-07, 15:01:00, 1354910460.0, 36.00,75.87,75.87,75.87,0,50 
2012-12-07, 15:01:06, 1354910466.0, 36.00,75.76,75.87,75.99,0,50 
2012-12-07, 15:01:11, 1354910471.0, 36.00,75.76,75.87,75.99,0,50 
2012-12-07, 15:01:18, 1354910478.0, 36.00,75.76,75.87,75.99,0,50 
2012-12-07, 15:01:22, 1354910482.0, 36.00,75.76,75.87,75.87,0,50 
2012-12-07, 15:01:26, 1354910486.0, 36.00,75.76,75.87,75.87,0,50 
2012-12-07, 15:01:32, 1354910492.0, 36.00,75.76,75.87,75.87,0,50 
2012-12-07, 15:01:36, 1354910496.0, 36.00,75.76,75.87,75.99,0,50 
2012-12-07, 15:01:41, 1354910501.0, 36.00,75.76,75.87,75.99,0,50 
2012-12-07, 15:01:48, 1354910508.0, 36.00,75.87,75.87,75.99,0,50 
2012-12-07, 15:01:53, 1354910513.0, 36.00,75.76,75.87,75.87,0,50 
2012-12-07, 15:01:57, 1354910517.0, 36.00,75.76,75.87,75.99,0,50 
2012-12-07, 15:02:01, 1354910521.0, 36.00,75.76,75.87,75.87,0,50 
2012-12-07, 15:02:14, 1354910534.0, 36.00,75.76,75.87,75.87,0,50 
2012-12-07, 15:02:19, 1354910539.0, 36.00,75.76,75.87,75.99,0,50 
2012-12-07, 15:02:23, 1354910543.0, 36.00,75.87,75.87,75.99,0,50 
2012-12-07, 15:02:27, 1354910547.0, 36.00,75.87,75.99,75.99,0,50 
2012-12-07, 15:02:31, 1354910551.0, 36.00,75.76,75.87,75.99,0,50 
2012-12-07, 15:02:35, 1354910555.0, 36.00,75.76,75.87,75.87,0,50 
2012-12-07, 15:02:39, 1354910559.0, 36.00,75.76,75.87,75.87,0,50 
2012-12-07, 15:02:43, 1354910563.0, 36.00,75.76,75.87,75.87,0,50 
2012-12-07, 15:02:47, 1354910567.0, 36.00,75.76,75.87,75.99,0,50 
2012-12-07, 15:02:51, 1354910571.0, 36.00,75.65,75.87,75.87,0,50 
2012-12-07, 15:02:56, 1354910576.0, 36.00,75.76,75.87,75.99,0,50 
2012-12-07, 15:03:01, 1354910581.0, 36.00,75.76,75.87,75.87,0,50 
2012-12-07, 15:03:06, 1354910586.0, 36.00,75.76,75.87,75.87,0,50 
2012-12-07, 15:03:10, 1354910590.0, 36.00,75.76,75.87,75.99,0,50 
2012-12-07, 15:03:16, 1354910596.0, 36.00,75.76,75.87,75.87,0,50 
2012-12-07, 15:03:20, 1354910600.0, 36.00,75.76,75.87,75.87,0,50 
2012-12-07, 15:03:26, 1354910606.0, 36.00,75.76,75.87,75.87,0,50 
2012-12-07, 15:03:30, 1354910610.0, 36.00,75.76,75.87,75.87,0,50 
2012-12-07, 15:03:36, 1354910616.0, 36.00,75.76,75.87,75.99,0,50 
2012-12-07, 15:03:41, 1354910621.0, 36.00,75.76,75.87,75.99,0,50 
2012-12-07, 15:03:48, 1354910628.0, 36.00,75.76,75.87,75.99,0,50 
2012-12-07, 15:03:52, 1354910632.0, 36.00,75.76,75.87,75.99,0,50 
2012-12-07, 15:03:56, 1354910636.0, 36.00,75.76,75.87,75.87,0,50 
2012-12-07, 15:04:01, 1354910641.0, 36.00,75.76,75.87,75.87,0,50 
2012-12-07, 15:04:08, 1354910648.0, 36.00,75.76,75.87,75.87,0,50 
2012-12-07, 15:04:12, 1354910652.0, 36.00,75.76,75.87,75.87,0,50 
2012-12-07, 15:04:16, 1354910656.0, 36.00,75.76,75.87,75.87,0,50 
2012-12-07, 15:04:21, 1354910661.0, 36.00,75.76,75.87,75.87,0,50 
2012-12-07, 15:04:25, 1354910665.0, 36.00,75.76,75.87,75.87,0,50 
2012-12-07, 15:04:31, 1354910671.0, 36.00,75.76,75.87,75.87,0,50 
2012-12-07, 15:04:35, 1354910675.0, 36.00,75.76,75.87,75.87,0,50 
2012-12-07, 15:04:40, 1354910680.0, 36.00,75.76,75.87,75.87,0,50 
2012-12-07, 15:04:45, 1354910685.0, 36.00,75.76,75.87,75.87,0,50 
2012-12-07, 15:04:50, 1354910690.0, 36.00,75.76,75.87,75.87,0,50 
2012-12-07, 15:04:56, 1354910696.0, 36.00,75.76,75.87,75.87,0,50 
2012-12-07, 15:05:00, 1354910700.0, 36.00,75.76,75.87,75.99,0,50 
2012-12-07, 15:05:05, 1354910705.0, 36.00,75.76,75.87,75.99,0,50 
2012-12-07, 15:05:09, 1354910709.0, 36.00,75.76,75.87,75.99,0,50 
2012-12-07, 15:05:15, 1354910715.0, 36.00,75.76,75.76,75.99,0,50 
2012-12-07, 15:05:20, 1354910720.0, 36.00,75.76,75.87,75.87,0,50 
2012-12-07, 15:05:30, 1354910730.0, 36.00,75.76,75.87,75.87,0,50 
2012-12-07, 15:05:34, 1354910734.0, 36.00,75.76,75.87,75.99,0,50 
2012-12-07, 15:05:38, 1354910738.0, 36.00,75.76,75.87,75.99,0,50 
2012-12-07, 15:05:42, 1354910742.0, 36.00,75.76,75.87,75.99,0,50 
2012-12-07, 15:05:46, 1354910746.0, 36.00,75.76,75.87,75.87,0,50 
2012-12-07, 15:05:51, 1354910751.0, 36.00,75.76,75.87,75.87,0,50 
2012-12-07, 15:05:56, 1354910756.0, 36.00,75.76,75.87,75.87,0,50 
2012-12-07, 15:06:01, 1354910761.0, 36.00,75.76,75.87,75.99,0,50 
2012-12-07, 15:06:05, 1354910765.0, 36.00,75.76,75.87,75.87,0,50 
2012-12-07, 15:06:10, 1354910770.0, 36.00,75.76,75.87,75.87,0,50 
2012-12-07, 15:06:14, 1354910774.0, 36.00,75.76,75.87,75.99,0,50 
2012-12-07, 15:06:20, 1354910780.0, 36.00,75.76,75.87,75.87,0,50 
2012-12-07, 15:06:31, 1354910791.0, 36.00,75.76,75.87,75.87,0,50 
2012-12-07, 15:06:35, 1354910795.0, 36.00,75.76,75.99,75.99,0,50 
2012-12-07, 15:06:40, 1354910800.0, 36.00,75.76,75.87,75.99,0,50 
2012-12-07, 15:06:44, 1354910804.0, 36.00,75.87,75.87,75.99,0,50 
2012-12-07, 15:06:49, 1354910809.0, 36.00,75.76,75.87,75.87,0,50 
2012-12-07, 15:06:53, 1354910813.0, 36.00,75.76,75.87,75.99,0,50 
2012-12-07, 15:06:57, 1354910817.0, 36.00,75.76,75.87,75.87,0,50 
2012-12-07, 15:07:02, 1354910822.0, 36.00,75.76,75.87,75.87,0,50 
2012-12-07, 15:07:08, 1354910828.0, 36.00,75.76,75.76,75.87,0,50 
2012-12-07, 15:07:12, 1354910832.0, 36.00,75.76,75.87,75.99,0,50 
2012-12-07, 15:07:16, 1354910836.0, 36.00,75.76,75.76,75.87,0,50 
2012-12-07, 15:07:20, 1354910840.0, 36.00,75.76,75.76,75.87,0,50 
2012-12-07, 15:07:25, 1354910845.0, 36.00,75.76,75.87,75.87,0,50 
2012-12-07, 15:07:30, 1354910850.0, 36.00,75.76,75.87,75.87,0,50 
2012-12-07, 15:07:35, 1354910855.0, 36.00,75.76,75.87,75.87,0,50 
2012-12-07, 15:07:40, 1354910860.0, 36.00,75.76,75.87,75.87,0,50 
2012-12-07, 15:07:44, 1354910864.0, 36.00,75.76,75.87,75.87,0,50 
2012-12-07, 15:07:50, 1354910870.0, 36.00,75.76,75.87,75.87,0,50 
2012-12-07, 15:07:54, 1354910874.0, 36.00,75.76,75.87,75.87,0,50 
2012-12-07, 15:08:00, 1354910880.0, 36.00,75.76,75.87,75.87,0,50 
2012-12-07, 15:08:06, 1354910886.0, 36.00,75.76,75.87,75.87,0,50 
2012-12-07, 15:08:10, 1354910890.0, 36.00,75.76,75.87,75.87,0,50 
2012-12-07, 15:08:15, 1354910895.0, 36.00,75.76,75.87,75.87,0,50 
2012-12-07, 15:08:25, 1354910905.0, 36.00,75.76,75.87,75.99,0,50 
2012-12-07, 15:08:29, 1354910909.0, 36.00,75.76,75.87,75.99,0,50 
2012-12-07, 15:08:33, 1354910913.0, 36.00,75.76,75.87,75.87,0,50 
2012-12-07, 15:08:37, 1354910917.0, 36.00,75.76,75.87,75.99,0,50 
2012-12-07, 15:08:41, 1354910921.0, 36.00,75.65,75.87,75.87,0,50 
2012-12-07, 15:08:45, 1354910925.0, 36.00,75.76,75.87,75.87,0,50 
2012-12-07, 15:08:50, 1354910930.0, 36.00,75.76,75.87,75.87,0,50 
2012-12-07, 15:08:55, 1354910935.0, 36.00,75.76,75.87,75.87,0,50 
2012-12-07, 15:09:00, 1354910940.0, 36.00,75.76,75.87,75.87,0,50 
2012-12-07, 15:09:05, 1354910945.0, 36.00,75.76,75.87,75.87,0,50 
2012-12-07, 15:09:10, 1354910950.0, 36.00,75.76,75.87,75.87,0,50 
2012-12-07, 15:09:16, 1354910956.0, 36.00,75.76,75.87,75.87,0,50 
2012-12-07, 15:09:20, 1354910960.0, 36.00,75.76,75.76,75.87,0,50 
2012-12-07, 15:09:25, 1354910965.0, 36.00,75.76,75.87,75.87,0,50 
2012-12-07, 15:09:29, 1354910969.0, 36.00,75.76,75.87,75.87,0,50 
2012-12-07, 15:09:35, 1354910975.0, 36.00,75.76,75.87,75.87,0,50 
2012-12-07, 15:09:39, 1354910979.0, 36.00,75.76,75.87,75.87,0,50 
2012-12-07, 15:09:44, 1354910984.0, 36.00,75.76,75.87,75.87,0,50 
2012-12-07, 15:09:49, 1354910989.0, 36.00,75.76,75.87,75.87,0,50 
2012-12-07, 15:09:54, 1354910994.0, 36.00,75.76,75.87,75.87,0,50 
2012-12-07, 15:09:59, 1354910999.0, 36.00,75.65,75.76,75.87,0,50 
2012-12-07, 15:10:05, 1354911005.0, 36.00,75.76,75.87,75.87,0,50 
2012-12-07, 15:10:09, 1354911009.0, 36.00,75.76,75.87,75.87,0,50 
2012-12-07, 15:10:14, 1354911014.0, 36.00,75.76,75.76,75.87,0,50 
2012-12-07, 15:10:20, 1354911020.0, 36.00,75.76,75.76,75.87,0,50 
2012-12-07, 15:10:24, 1354911024.0, 36.00,75.65,75.76,75.87,0,50 
2012-12-07, 15:10:30, 1354911030.0, 36.00,75.65,75.87,75.87,0,50 
2012-12-07, 15:10:35, 1354911035.0, 36.00,75.76,75.76,75.87,0,50 
2012-12-07, 15:10:41, 1354911041.0, 36.00,75.76,75.87,75.87,0,50 
2012-12-07, 15:10:45, 1354911045.0, 36.00,75.76,75.87,75.87,0,50 
2012-12-07, 15:10:50, 1354911050.0, 36.00,75.76,75.76,75.87,0,50 
2012-12-07, 15:10:55, 1354911055.0, 36.00,75.76,75.76,75.87,0,50 
2012-12-07, 15:11:00, 1354911060.0, 36.00,75.76,75.87,75.87,0,50 
2012-12-07, 15:11:05, 1354911065.0, 36.00,75.76,75.76,75.87,0,50 
2012-12-07, 15:11:10, 1354911070.0, 36.00,75.76,75.87,75.87,0,50 
2012-12-07, 15:11:15, 1354911075.0, 36.00,75.76,75.76,75.87,0,50 
2012-12-07, 15:11:20, 1354911080.0, 36.00,75.65,75.87,75.87,0,50 
2012-12-07, 15:11:25, 1354911085.0, 36.00,75.65,75.87,75.87,0,50 
2012-12-07, 15:11:30, 1354911090.0, 36.00,75.76,75.87,75.87,0,50 
2012-12-07, 15:11:35, 1354911095.0, 36.00,75.76,75.87,75.87,0,50 
2012-12-07, 15:11:40, 1354911100.0, 36.00,75.76,75.76,75.87,0,50 
2012-12-07, 15:11:44, 1354911104.0, 36.00,75.76,75.87,75.99,0,50 
2012-12-07, 15:11:52, 1354911112.0, 36.00,75.76,75.87,75.87,0,50 
2012-12-07, 15:11:56, 1354911116.0, 36.00,75.65,75.87,75.87,0,50 
2012-12-07, 15:12:01, 1354911121.0, 36.00,75.76,75.87,75.87,0,50 
2012-12-07, 15:12:05, 1354911125.0, 36.00,75.76,75.87,75.99,0,50 
2012-12-07, 15:12:13, 1354911133.0, 36.00,75.65,75.87,75.87,0,50 
2012-12-07, 15:12:17, 1354911137.0, 36.00,75.76,75.87,75.87,0,50 
2012-12-07, 15:12:22, 1354911142.0, 36.00,75.65,75.87,75.87,0,50 
2012-12-07, 15:12:26, 1354911146.0, 36.00,75.65,75.87,75.87,0,50 
2012-12-07, 15:12:30, 1354911150.0, 36.00,75.65,75.87,75.87,0,50 
2012-12-07, 15:12:34, 1354911154.0, 36.00,75.65,75.87,75.87,0,50 
2012-12-07, 15:12:39, 1354911159.0, 36.00,75.65,75.87,75.87,0,50 
2012-12-07, 15:12:45, 1354911165.0, 36.00,75.65,75.76,75.87,0,50 
2012-12-07, 15:12:50, 1354911170.0, 36.00,75.76,75.76,75.87,0,50 
2012-12-07, 15:12:55, 1354911175.0, 36.00,75.65,75.87,75.87,0,50 
2012-12-07, 15:12:59, 1354911179.0, 36.00,75.65,75.87,75.87,0,50 
2012-12-07, 15:13:05, 1354911185.0, 36.00,75.65,75.76,75.87,0,50 
2012-12-07, 15:13:10, 1354911190.0, 36.00,75.65,75.87,75.87,0,50 
2012-12-07, 15:13:15, 1354911195.0, 36.00,75.65,75.87,75.87,0,50 
2012-12-07, 15:13:20, 1354911200.0, 36.00,75.76,75.87,75.87,0,50 
2012-12-07, 15:13:24, 1354911204.0, 36.00,75.65,75.87,75.87,0,50 
2012-12-07, 15:13:30, 1354911210.0, 36.00,75.65,75.76,75.87,0,50 
2012-12-07, 15:13:36, 1354911216.0, 36.00,75.76,75.87,75.87,0,50 
2012-12-07, 15:13:41, 1354911221.0, 36.00,75.76,75.76,75.87,0,50 
2012-12-07, 15:13:45, 1354911225.0, 36.00,75.65,75.87,75.87,0,50 
2012-12-07, 15:13:49, 1354911229.0, 36.00,75.76,75.87,75.87,0,50 
2012-12-07, 15:13:55, 1354911235.0, 36.00,75.76,75.87,75.87,0,50 
2012-12-07, 15:13:59, 1354911239.0, 36.00,75.76,75.76,75.99,0,50 
2012-12-07, 15:14:05, 1354911245.0, 36.00,75.76,75.76,75.87,0,50 
2012-12-07, 15:14:09, 1354911249.0, 36.00,75.76,75.87,75.87,0,50 
2012-12-07, 15:14:17, 1354911257.0, 36.00,75.76,75.87,75.87,0,50 
2012-12-07, 15:14:21, 1354911261.0, 36.00,75.76,75.87,75.87,0,50 
2012-12-07, 15:14:25, 1354911265.0, 36.00,75.76,75.87,75.87,0,50 
2012-12-07, 15:14:29, 1354911269.0, 36.00,75.76,75.87,75.99,0,50 
2012-12-07, 15:14:35, 1354911275.0, 36.00,75.76,75.87,75.87,0,50 
2012-12-07, 15:14:41, 1354911281.0, 36.00,75.76,75.87,75.87,0,50 
2012-12-07, 15:14:45, 1354911285.0, 36.00,75.76,75.87,75.87,0,50 
2012-12-07, 15:14:53, 1354911293.0, 36.00,75.76,75.87,75.87,0,50 
2012-12-07, 15:14:56, 1354911296.0, 36.00,75.76,75.87,75.99,0,50 
2012-12-07, 15:15:01, 1354911301.0, 36.00,75.76,75.87,75.87,0,50 
2012-12-07, 15:15:05, 1354911305.0, 36.00,75.76,75.87,75.87,0,50 
2012-12-07, 15:15:11, 1354911311.0, 36.00,75.76,75.87,75.99,0,50 
2012-12-07, 15:15:17, 1354911317.0, 36.00,75.76,75.87,75.87,0,50 
2012-12-07, 15:15:23, 1354911323.0, 36.00,75.76,75.87,75.99,0,50 
2012-12-07, 15:15:29, 1354911329.0, 36.00,75.76,75.87,75.99,0,50 
2012-12-07, 15:15:33, 1354911333.0, 36.00,75.76,75.87,75.99,0,50 
2012-12-07, 15:15:37, 1354911337.0, 36.00,75.76,75.87,75.99,0,50 
2012-12-07, 15:15:41, 1354911341.0, 36.00,75.76,75.87,75.99,0,50 
2012-12-07, 15:15:45, 1354911345.0, 36.00,75.76,75.87,75.99,0,50 
2012-12-07, 15:15:50, 1354911350.0, 36.00,75.76,75.87,75.99,0,50 
2012-12-07, 15:15:59, 1354911359.0, 36.00,75.76,75.87,75.99,0,50 
2012-12-07, 15:16:10, 1354911370.0, 36.00,75.87,75.99,76.10,0,50 
2012-12-07, 15:16:16, 1354911376.0, 36.00,75.87,75.99,75.99,0,50 
2012-12-07, 15:16:20, 1354911380.0, 36.00,75.87,75.99,76.10,0,50 
2012-12-07, 15:16:26, 1354911386.0, 36.00,75.87,75.99,76.10,0,50 
2012-12-07, 15:16:34, 1354911394.0, 36.00,75.87,75.99,76.10,0,50 
2012-12-07, 15:16:40, 1354911400.0, 36.00,75.87,75.99,76.10,0,50 
2012-12-07, 15:16:48, 1354911408.0, 36.00,75.87,75.99,76.10,0,50 
2012-12-07, 15:16:54, 1354911414.0, 36.00,75.87,76.10,76.10,0,50 
2012-12-07, 15:16:59, 1354911419.0, 36.00,75.87,75.99,76.10,0,50 
2012-12-07, 15:17:06, 1354911426.0, 36.00,75.87,76.10,76.10,0,50 
2012-12-07, 15:17:11, 1354911431.0, 36.00,75.99,76.10,76.21,0,50 
2012-12-07, 15:17:15, 1354911435.0, 36.00,75.99,76.10,76.21,0,50 
2012-12-07, 15:17:19, 1354911439.0, 36.00,75.99,76.10,76.21,0,50 
2012-12-07, 15:17:24, 1354911444.0, 36.00,75.99,76.10,76.21,0,50 
2012-12-07, 15:17:28, 1354911448.0, 36.00,75.99,76.10,76.10,0,50 
2012-12-07, 15:17:34, 1354911454.0, 36.00,75.99,76.10,76.21,0,50 
2012-12-07, 15:17:38, 1354911458.0, 36.00,75.99,76.10,76.10,0,50 
2012-12-07, 15:17:42, 1354911462.0, 36.00,75.99,76.10,76.21,0,50 
2012-12-07, 15:17:49, 1354911469.0, 36.00,75.99,76.10,76.21,0,50 
2012-12-07, 15:17:54, 1354911474.0, 36.00,75.99,76.10,76.21,0,50 
2012-12-07, 15:17:58, 1354911478.0, 36.00,75.99,76.10,76.10,0,50 
2012-12-07, 15:18:03, 1354911483.0, 36.00,75.99,76.10,76.10,0,50 
2012-12-07, 15:18:11, 1354911491.0, 36.00,75.99,76.10,76.21,0,50 
2012-12-07, 15:18:16, 1354911496.0, 36.00,75.99,76.10,76.21,0,50 
2012-12-07, 15:18:21, 1354911501.0, 36.00,75.99,76.10,76.21,0,50 
2012-12-07, 15:18:28, 1354911508.0, 36.00,75.99,76.10,76.21,0,50 
2012-12-07, 15:18:32, 1354911512.0, 36.00,75.99,76.10,76.21,0,50 
2012-12-07, 15:18:36, 1354911516.0, 36.00,75.99,76.10,76.10,0,50 
2012-12-07, 15:18:41, 1354911521.0, 36.00,75.99,76.10,76.10,0,50 
2012-12-07, 15:18:47, 1354911527.0, 36.00,75.99,76.10,76.21,0,50 
2012-12-07, 15:18:57, 1354911537.0, 36.00,75.99,76.21,76.21,0,50 
2012-12-07, 15:19:02, 1354911542.0, 36.00,75.99,76.10,76.21,0,50 
2012-12-07, 15:19:09, 1354911549.0, 36.00,75.99,76.10,76.21,0,50 
2012-12-07, 15:19:15, 1354911555.0, 36.00,75.99,76.10,76.10,0,50 
2012-12-07, 15:19:20, 1354911560.0, 36.00,75.99,76.10,76.21,0,50 
2012-12-07, 15:19:29, 1354911569.0, 36.00,75.99,76.10,76.21,0,50 
2012-12-07, 15:19:34, 1354911574.0, 36.00,75.99,76.21,76.21,0,50 
2012-12-07, 15:19:39, 1354911579.0, 36.00,76.10,76.21,76.21,0,50 
2012-12-07, 15:19:43, 1354911583.0, 36.00,75.99,76.10,76.21,0,50 
2012-12-07, 15:19:47, 1354911587.0, 36.00,75.99,76.21,76.21,0,50 
2012-12-07, 15:19:52, 1354911592.0, 36.00,75.99,76.10,76.21,0,50 
2012-12-07, 15:19:56, 1354911596.0, 36.00,75.99,76.10,76.21,0,50 
2012-12-07, 15:20:02, 1354911602.0, 36.00,76.10,76.21,76.21,0,50 
2012-12-07, 15:20:08, 1354911608.0, 36.00,75.99,76.10,76.21,0,50 
2012-12-07, 15:20:12, 1354911612.0, 36.00,76.10,76.21,76.21,0,50 
2012-12-07, 15:20:16, 1354911616.0, 36.00,75.99,76.10,76.21,0,50 
2012-12-07, 15:20:20, 1354911620.0, 36.00,75.99,76.21,76.21,0,50 
2012-12-07, 15:20:27, 1354911627.0, 36.00,75.99,76.10,76.32,0,50 
2012-12-07, 15:20:32, 1354911632.0, 36.00,75.99,76.10,76.21,0,50 
2012-12-07, 15:20:36, 1354911636.0, 36.00,75.99,76.10,76.21,0,50 
2012-12-07, 15:20:41, 1354911641.0, 36.00,75.99,76.21,76.32,0,50 
2012-12-07, 15:20:46, 1354911646.0, 36.00,76.10,76.21,76.21,0,50 
2012-12-07, 15:20:50, 1354911650.0, 36.00,75.99,76.10,76.21,0,50 
2012-12-07, 15:20:56, 1354911656.0, 36.00,76.10,76.10,76.21,0,50 
2012-12-07, 15:21:01, 1354911661.0, 36.00,76.10,76.21,76.32,0,50 
2012-12-07, 15:21:05, 1354911665.0, 36.00,75.99,76.21,76.21,0,50 
2012-12-07, 15:21:09, 1354911669.0, 36.00,75.99,76.21,76.21,0,50 
2012-12-07, 15:21:13, 1354911673.0, 36.00,75.99,76.10,76.21,0,50 
2012-12-07, 15:21:20, 1354911680.0, 36.00,75.99,76.21,76.21,0,50 
2012-12-07, 15:21:24, 1354911684.0, 36.00,75.99,76.10,76.21,0,50 
2012-12-07, 15:21:28, 1354911688.0, 36.00,75.99,76.10,76.21,0,50 
2012-12-07, 15:21:32, 1354911692.0, 36.00,75.99,76.10,76.21,0,50 
2012-12-07, 15:21:36, 1354911696.0, 36.00,75.99,76.10,76.21,0,50 
2012-12-07, 15:21:40, 1354911700.0, 36.00,76.10,76.21,76.21,0,50 
2012-12-07, 15:21:44, 1354911704.0, 36.00,75.99,76.10,76.21,0,50 
2012-12-07, 15:21:48, 1354911708.0, 36.00,76.10,76.10,76.21,0,50 
2012-12-07, 15:21:51, 1354911711.0, 36.00,75.99,76.10,76.21,0,50 
2012-12-07, 15:21:55, 1354911715.0, 36.00,75.99,76.10,76.21,0,50 
2012-12-07, 15:21:59, 1354911719.0, 36.00,75.99,76.10,76.21,0,50 
2012-12-07, 15:22:06, 1354911726.0, 36.00,76.10,76.10,76.21,0,50 
2012-12-07, 15:22:11, 1354911731.0, 36.00,75.99,76.21,76.21,0,50 
2012-12-07, 15:22:20, 1354911740.0, 36.00,75.99,76.10,76.21,0,50 
2012-12-07, 15:22:29, 1354911749.0, 36.00,75.99,76.10,76.21,0,50 
2012-12-07, 15:22:35, 1354911755.0, 36.00,75.99,76.10,76.21,0,50 
2012-12-07, 15:22:41, 1354911761.0, 36.00,75.99,76.10,76.21,0,50 
2012-12-07, 15:22:45, 1354911765.0, 36.00,76.10,76.10,76.21,0,50 
2012-12-07, 15:22:50, 1354911770.0, 36.00,76.10,76.21,76.21,0,50 
2012-12-07, 15:22:55, 1354911775.0, 36.00,76.10,76.21,76.21,0,50 
2012-12-07, 15:22:59, 1354911779.0, 36.00,76.10,76.21,76.32,0,50 
2012-12-07, 15:23:04, 1354911784.0, 36.00,76.10,76.21,76.32,0,50 
2012-12-07, 15:23:09, 1354911789.0, 36.00,76.10,76.21,76.21,0,50 
2012-12-07, 15:23:14, 1354911794.0, 36.00,76.10,76.21,76.32,0,50 
2012-12-07, 15:23:19, 1354911799.0, 36.00,76.10,76.21,76.32,0,50 
2012-12-07, 15:23:25, 1354911805.0, 36.00,76.10,76.21,76.32,0,50 
2012-12-07, 15:23:30, 1354911810.0, 36.00,76.10,76.21,76.32,0,50 
2012-12-07, 15:23:35, 1354911815.0, 36.00,76.10,76.21,76.32,0,50 
2012-12-07, 15:23:39, 1354911819.0, 36.00,76.10,76.21,76.32,0,50 
2012-12-07, 15:23:43, 1354911823.0, 36.00,76.10,76.21,76.32,0,50 
2012-12-07, 15:23:49, 1354911829.0, 36.00,76.10,76.21,76.32,0,50 
2012-12-07, 15:23:53, 1354911833.0, 36.00,76.10,76.21,76.32,0,50 
2012-12-07, 15:23:58, 1354911838.0, 36.00,76.10,76.21,76.21,0,50 
2012-12-07, 15:24:07, 1354911847.0, 36.00,76.10,76.21,76.32,0,50 
2012-12-07, 15:24:13, 1354911853.0, 36.00,76.10,76.21,76.21,0,50 
2012-12-07, 15:24:18, 1354911858.0, 36.00,76.10,76.21,76.32,0,50 
2012-12-07, 15:24:24, 1354911864.0, 36.00,76.10,76.21,76.32,0,50 
2012-12-07, 15:24:28, 1354911868.0, 36.00,76.10,76.21,76.32,0,50 
2012-12-07, 15:24:34, 1354911874.0, 36.00,76.10,76.21,76.32,0,50 
2012-12-07, 15:24:38, 1354911878.0, 36.00,76.10,76.21,76.32,0,50 
2012-12-07, 15:24:45, 1354911885.0, 36.00,76.10,76.32,76.32,0,50 
2012-12-07, 15:24:49, 1354911889.0, 36.00,76.21,76.32,76.32,0,50 
2012-12-07, 15:24:53, 1354911893.0, 36.00,76.10,76.32,76.32,0,50 
2012-12-07, 15:24:58, 1354911898.0, 36.00,76.10,76.32,76.44,0,50 
2012-12-07, 15:25:03, 1354911903.0, 36.00,76.10,76.32,76.32,0,50 
2012-12-07, 15:25:07, 1354911907.0, 36.00,76.10,76.32,76.32,0,50 
2012-12-07, 15:25:11, 1354911911.0, 36.00,76.21,76.32,76.32,0,50 
2012-12-07, 15:25:15, 1354911915.0, 36.00,76.10,76.32,76.32,0,50 
2012-12-07, 15:25:20, 1354911920.0, 36.00,76.21,76.32,76.32,0,50 
2012-12-07, 15:25:26, 1354911926.0, 36.00,76.21,76.32,76.32,0,50 
2012-12-07, 15:25:31, 1354911931.0, 36.00,76.10,76.32,76.32,0,50 
2012-12-07, 15:25:36, 1354911936.0, 36.00,76.10,76.21,76.32,0,50 
2012-12-07, 15:25:41, 1354911941.0, 36.00,76.10,76.21,76.32,0,50 
2012-12-07, 15:25:47, 1354911947.0, 36.00,76.10,76.21,76.32,0,50 
2012-12-07, 15:25:53, 1354911953.0, 36.00,76.10,76.21,76.32,0,50 
2012-12-07, 15:25:57, 1354911957.0, 36.00,76.10,76.21,76.32,0,50 
2012-12-07, 15:26:02, 1354911962.0, 36.00,76.10,76.21,76.32,0,50 
2012-12-07, 15:26:06, 1354911966.0, 36.00,76.10,76.21,76.32,0,50 
2012-12-07, 15:26:10, 1354911970.0, 36.00,76.21,76.21,76.32,0,50 
2012-12-07, 15:26:16, 1354911976.0, 36.00,76.21,76.32,76.32,0,50 
2012-12-07, 15:26:28, 1354911988.0, 36.00,76.21,76.32,76.44,0,50 
2012-12-07, 15:26:36, 1354911996.0, 36.00,76.21,76.32,76.44,0,50 
2012-12-07, 15:26:41, 1354912001.0, 36.00,76.21,76.32,76.44,0,50 
2012-12-07, 15:26:46, 1354912006.0, 36.00,76.32,76.44,76.44,0,50 
2012-12-07, 15:26:50, 1354912010.0, 36.00,76.21,76.44,76.55,0,50 
2012-12-07, 15:26:54, 1354912014.0, 36.00,76.21,76.44,76.55,0,50 
2012-12-07, 15:26:59, 1354912019.0, 36.00,76.32,76.44,76.55,0,50 
2012-12-07, 15:27:03, 1354912023.0, 36.00,76.32,76.44,76.55,0,50 
2012-12-07, 15:27:08, 1354912028.0, 36.00,76.32,76.44,76.55,0,50 
2012-12-07, 15:27:12, 1354912032.0, 36.00,76.32,76.44,76.55,0,50 
2012-12-07, 15:27:17, 1354912037.0, 36.00,76.32,76.44,76.55,0,50 
2012-12-07, 15:27:21, 1354912041.0, 36.00,76.32,76.44,76.55,0,50 
2012-12-07, 15:27:26, 1354912046.0, 36.00,76.32,76.44,76.55,0,50 
2012-12-07, 15:27:30, 1354912050.0, 36.00,76.32,76.55,76.55,0,50 
2012-12-07, 15:27:36, 1354912056.0, 36.00,76.32,76.44,76.55,0,50 
2012-12-07, 15:27:41, 1354912061.0, 36.00,76.32,76.44,76.55,0,50 
2012-12-07, 15:27:46, 1354912066.0, 36.00,76.32,76.44,76.55,0,50 
2012-12-07, 15:27:50, 1354912070.0, 36.00,76.32,76.44,76.55,0,50 
2012-12-07, 15:27:55, 1354912075.0, 36.00,76.32,76.44,76.55,0,50 
2012-12-07, 15:27:59, 1354912079.0, 36.00,76.32,76.55,76.55,0,50 
2012-12-07, 15:28:04, 1354912084.0, 36.00,76.32,76.55,76.55,0,50 
2012-12-07, 15:28:08, 1354912088.0, 36.00,76.32,76.44,76.55,0,50 
2012-12-07, 15:28:13, 1354912093.0, 36.00,76.32,76.44,76.55,0,50 
2012-12-07, 15:28:17, 1354912097.0, 36.00,76.32,76.44,76.55,0,50 
2012-12-07, 15:28:20, 1354912100.0, 36.00,76.32,76.44,76.55,0,50 
2012-12-07, 15:28:25, 1354912105.0, 36.00,76.32,76.44,76.55,0,50 
2012-12-07, 15:28:29, 1354912109.0, 36.00,76.32,76.44,76.55,0,50 
2012-12-07, 15:28:33, 1354912113.0, 36.00,76.32,76.55,76.55,0,50 
2012-12-07, 15:28:38, 1354912118.0, 36.00,76.32,76.55,76.55,0,50 
2012-12-07, 15:28:42, 1354912122.0, 36.00,76.44,76.55,76.55,0,50 
2012-12-07, 15:28:46, 1354912126.0, 36.00,76.32,76.44,76.55,0,50 
2012-12-07, 15:28:49, 1354912129.0, 36.00,76.32,76.55,76.55,0,50 
2012-12-07, 15:28:53, 1354912133.0, 36.00,76.44,76.44,76.55,0,50 
2012-12-07, 15:28:58, 1354912138.0, 36.00,76.44,76.55,76.55,0,50 
2012-12-07, 15:29:02, 1354912142.0, 36.00,76.32,76.55,76.55,0,50 
2012-12-07, 15:29:06, 1354912146.0, 36.00,76.32,76.55,76.55,0,50 
2012-12-07, 15:29:10, 1354912150.0, 36.00,76.32,76.55,76.55,0,50 
2012-12-07, 15:29:16, 1354912156.0, 36.00,76.32,76.44,76.55,0,50 
2012-12-07, 15:29:22, 1354912162.0, 36.00,76.44,76.55,76.55,0,50 
2012-12-07, 15:29:26, 1354912166.0, 36.00,76.32,76.55,76.66,0,50 
2012-12-07, 15:29:31, 1354912171.0, 36.00,76.44,76.55,76.55,0,50 
2012-12-07, 15:29:35, 1354912175.0, 36.00,76.44,76.55,76.66,0,50 
2012-12-07, 15:29:40, 1354912180.0, 36.00,76.44,76.55,76.66,0,50 
2012-12-07, 15:29:44, 1354912184.0, 36.00,76.44,76.55,76.66,0,50 
2012-12-07, 15:29:49, 1354912189.0, 36.00,76.44,76.55,76.66,0,50 
2012-12-07, 15:29:54, 1354912194.0, 36.00,76.44,76.55,76.66,0,50 
2012-12-07, 15:30:00, 1354912200.0, 36.00,76.44,76.55,76.66,0,50 
2012-12-07, 15:30:12, 1354912212.0, 36.00,76.44,76.55,76.66,0,50 
2012-12-07, 15:30:18, 1354912218.0, 36.00,76.44,76.55,76.66,0,50 
2012-12-07, 15:30:22, 1354912222.0, 36.00,76.44,76.55,76.66,0,50 
2012-12-07, 15:30:27, 1354912227.0, 36.00,76.44,76.55,76.55,0,50 
2012-12-07, 15:30:35, 1354912235.0, 36.00,76.32,76.55,76.66,0,50 
2012-12-07, 15:30:39, 1354912239.0, 36.00,76.32,76.55,76.66,0,50 
2012-12-07, 15:30:44, 1354912244.0, 36.00,76.44,76.55,76.66,0,50 
2012-12-07, 15:30:48, 1354912248.0, 36.00,76.32,76.55,76.55,0,50 
2012-12-07, 15:30:52, 1354912252.0, 36.00,76.32,76.55,76.66,0,50 
2012-12-07, 15:30:56, 1354912256.0, 36.00,76.32,76.55,76.66,0,50 
2012-12-07, 15:31:00, 1354912260.0, 36.00,76.44,76.55,76.55,0,50 
2012-12-07, 15:31:04, 1354912264.0, 36.00,76.44,76.55,76.66,0,50 
2012-12-07, 15:31:10, 1354912270.0, 36.00,76.44,76.55,76.55,0,50 
2012-12-07, 15:31:15, 1354912275.0, 36.00,76.32,76.55,76.66,0,50 
2012-12-07, 15:31:20, 1354912280.0, 36.00,76.32,76.55,76.66,0,50 
2012-12-07, 15:31:31, 1354912291.0, 36.00,76.32,76.55,76.66,0,50 
2012-12-07, 15:31:38, 1354912298.0, 36.00,76.32,76.55,76.66,0,50 
2012-12-07, 15:31:43, 1354912303.0, 36.00,76.32,76.55,76.66,0,50 
2012-12-07, 15:31:47, 1354912307.0, 36.00,76.32,76.55,76.66,0,50 
2012-12-07, 15:31:51, 1354912311.0, 36.00,76.32,76.55,76.55,0,50 
2012-12-07, 15:31:55, 1354912315.0, 36.00,76.44,76.55,76.66,0,50 
2012-12-07, 15:32:00, 1354912320.0, 36.00,76.44,76.55,76.55,0,50 
2012-12-07, 15:32:03, 1354912323.0, 36.00,76.44,76.55,76.66,0,50 
2012-12-07, 15:32:07, 1354912327.0, 36.00,76.32,76.55,76.66,0,50 
2012-12-07, 15:32:13, 1354912333.0, 36.00,76.32,76.55,76.66,0,50 
2012-12-07, 15:32:17, 1354912337.0, 36.00,76.44,76.55,76.66,0,50 
2012-12-07, 15:32:23, 1354912343.0, 36.00,76.32,76.55,76.66,0,50 
2012-12-07, 15:32:27, 1354912347.0, 36.00,76.44,76.55,76.66,0,50 
2012-12-07, 15:32:30, 1354912350.0, 36.00,76.44,76.55,76.66,0,50 
2012-12-07, 15:32:34, 1354912354.0, 36.00,76.44,76.55,76.66,0,50 
2012-12-07, 15:32:38, 1354912358.0, 36.00,76.44,76.55,76.66,0,50 
2012-12-07, 15:32:42, 1354912362.0, 36.00,76.44,76.55,76.66,0,50 
2012-12-07, 15:32:47, 1354912367.0, 36.00,76.44,76.55,76.66,0,50 
2012-12-07, 15:32:51, 1354912371.0, 36.00,76.44,76.55,76.66,0,50 
2012-12-07, 15:32:55, 1354912375.0, 36.00,76.55,76.66,76.66,0,50 
2012-12-07, 15:32:59, 1354912379.0, 36.00,76.44,76.66,76.66,0,50 
2012-12-07, 15:33:02, 1354912382.0, 36.00,76.55,76.66,76.66,0,50 
2012-12-07, 15:33:08, 1354912388.0, 36.00,76.55,76.66,76.77,0,50 
2012-12-07, 15:33:13, 1354912393.0, 36.00,76.55,76.66,76.66,0,50 
2012-12-07, 15:33:18, 1354912398.0, 36.00,76.55,76.66,76.77,0,50 
2012-12-07, 15:33:22, 1354912402.0, 36.00,76.55,76.66,76.77,0,50 
2012-12-07, 15:33:26, 1354912406.0, 36.00,76.55,76.66,76.66,0,50 
2012-12-07, 15:33:31, 1354912411.0, 36.00,76.55,76.66,76.77,0,50 
2012-12-07, 15:33:35, 1354912415.0, 36.00,76.44,76.66,76.77,0,50 
2012-12-07, 15:33:39, 1354912419.0, 36.00,76.55,76.66,76.66,0,50 
2012-12-07, 15:33:43, 1354912423.0, 36.00,76.55,76.66,76.77,0,50 
2012-12-07, 15:33:47, 1354912427.0, 36.00,76.44,76.66,76.77,0,50 
2012-12-07, 15:33:52, 1354912432.0, 36.00,76.55,76.66,76.77,0,50 
2012-12-07, 15:33:56, 1354912436.0, 36.00,76.55,76.66,76.77,0,50 
2012-12-07, 15:34:00, 1354912440.0, 36.00,76.55,76.66,76.77,0,50 
2012-12-07, 15:34:06, 1354912446.0, 36.00,76.55,76.66,76.77,0,50 
2012-12-07, 15:34:10, 1354912450.0, 36.00,76.55,76.66,76.77,0,50 
2012-12-07, 15:34:14, 1354912454.0, 36.00,76.55,76.66,76.77,0,50 
2012-12-07, 15:34:18, 1354912458.0, 36.00,76.55,76.66,76.77,0,50 
2012-12-07, 15:34:22, 1354912462.0, 36.00,76.55,76.66,76.77,0,50 
2012-12-07, 15:34:26, 1354912466.0, 36.00,76.55,76.66,76.77,0,50 
2012-12-07, 15:34:31, 1354912471.0, 36.00,76.55,76.66,76.77,0,50 
2012-12-07, 15:34:35, 1354912475.0, 36.00,76.55,76.66,76.77,0,50 
2012-12-07, 15:34:39, 1354912479.0, 65.00,76.44,76.55,76.66,0,50 
2012-12-07, 15:34:43, 1354912483.0, 65.00,76.44,76.55,76.66,0,50 
2012-12-07, 15:34:48, 1354912488.0, 65.00,76.44,76.55,76.55,0,50 
2012-12-07, 15:34:52, 1354912492.0, 65.00,76.44,76.55,76.66,0,50 
2012-12-07, 15:35:00, 1354912500.0, 65.00,76.32,76.55,76.55,0,50 
2012-12-07, 15:35:04, 1354912504.0, 65.00,76.32,76.55,76.55,0,50 
2012-12-07, 15:35:08, 1354912508.0, 65.00,76.32,76.44,76.55,0,50 
